 : cannot connect to X server localhost:17.0
     pcost       dcost       gap    pres   dres
 0: -4.5909e+02 -1.3279e+03  1e+04  9e+01  3e+00
 1: -1.1623e+03 -2.4205e+03  1e+04  7e+01  2e+00
 2: -1.5789e+03 -3.1704e+03  1e+04  6e+01  2e+00
 3: -2.9490e+03 -4.9132e+03  1e+04  5e+01  2e+00
 4: -5.0247e+03 -7.5561e+03  1e+04  5e+01  2e+00
 5: -8.1949e+03 -1.1563e+04  1e+04  4e+01  1e+00
 6: -1.6317e+04 -2.1580e+04  1e+04  4e+01  1e+00
 7: -4.8139e+04 -5.8670e+04  2e+04  4e+01  1e+00
 8: -1.0543e+05 -1.2502e+05  2e+04  4e+01  1e+00
 9: -3.1919e+05 -3.6144e+05  4e+04  4e+01  1e+00
10: -8.6501e+05 -9.5687e+05  9e+04  4e+01  1e+00
11: -1.1147e+06 -1.2299e+06  1e+05  4e+01  1e+00
12: -2.6523e+06 -2.8907e+06  2e+05  3e+01  1e+00
13: -6.2097e+06 -6.7062e+06  5e+05  3e+01  1e+00
14: -2.9784e+07 -3.1492e+07  2e+06  3e+01  1e+00
15: -4.9592e+07 -5.2334e+07  3e+06  3e+01  1e+00
16: -7.1670e+08 -7.2753e+08  1e+07  3e+01  1e+00
17: -1.1459e+09 -1.1626e+09  2e+07  3e+01  1e+00
18: -1.9869e+09 -2.0150e+09  3e+07  3e+01  1e+00
19: -2.0328e+09 -2.0614e+09  3e+07  3e+01  1e+00
20: -2.9152e+09 -2.9524e+09  4e+07  3e+01  1e+00
21: -3.0857e+09 -3.1234e+09  4e+07  3e+01  1e+00
22: -3.4832e+09 -3.5205e+09  4e+07  3e+01  1e+00
Terminated (singular KKT matrix).
2498 support vectors out of 2498 points
1119 out of 1249 predictions correct
