 : cannot connect to X server localhost:10.0
     pcost       dcost       gap    pres   dres
 0: -2.6994e+02 -7.1605e+02  1e+04  1e+02  3e+00
 1: -3.7023e+02 -7.2265e+02  1e+04  8e+01  2e+00
 2: -5.9779e+02 -9.4002e+02  1e+04  6e+01  2e+00
 3: -8.7887e+02 -9.7502e+02  9e+03  4e+01  1e+00
 4: -1.1952e+03 -1.0881e+03  9e+03  4e+01  9e-01
 5: -1.8186e+03 -1.2655e+03  8e+03  3e+01  7e-01
 6: -2.0125e+03 -1.2630e+03  8e+03  2e+01  6e-01
 7: -2.2228e+03 -7.9218e+02  5e+03  1e+01  4e-01
 8: -3.8971e+02 -3.7509e+01  2e+03  4e+00  1e-01
 9: -7.9913e+01 -4.0558e+00  1e+03  2e+00  5e-02
10: -1.6756e+00 -2.0845e-01  2e+01  3e-02  7e-04
11: -4.6570e-01 -1.7374e-01  6e+00  9e-03  2e-04
12: -1.9344e-01 -1.3771e-01  4e+00  5e-03  1e-04
13: -8.7471e-02 -9.5501e-02  2e+00  2e-03  5e-05
14: -6.3667e-02 -8.8314e-02  1e+00  2e-03  4e-05
15: -3.0854e-02 -7.3876e-02  6e-01  7e-04  2e-05
16: -1.3434e-02 -7.5346e-02  5e-01  4e-04  1e-05
17: -1.8626e-03 -7.1850e-02  7e-02  1e-16  1e-12
18: -1.3465e-02 -6.9884e-02  6e-02  5e-17  1e-12
19: -4.0742e-02 -6.5932e-02  3e-02  6e-17  1e-12
20: -5.8581e-02 -6.0515e-02  2e-03  1e-16  2e-12
21: -6.0309e-02 -6.0329e-02  2e-05  3e-17  2e-12
22: -6.0327e-02 -6.0328e-02  2e-07  2e-16  2e-12
23: -6.0328e-02 -6.0328e-02  2e-09  1e-16  2e-12
Optimal solution found.
14 support vectors out of 2498 points
1018 out of 1249 predictions correct
